// MilkShape 3D ASCII

Frames: 30
Frame: 1

Meshes: 1
"default" 0 0
29
0 40.000000 2.650967 -0.000003 0.703125 0.796875 -1
0 46.400002 -12.799999 -0.000002 0.812500 0.796875 -1
0 97.599998 -64.000000 -0.000003 0.812500 0.718750 -1
0 97.599998 -54.949032 -0.000003 0.703125 0.718750 -1
0 156.800003 -4.799999 -0.000003 0.812500 0.656250 -1
0 147.749039 -4.799999 -0.000003 0.703125 0.656250 -1
0 0.000000 152.000000 -0.000003 0.812500 0.453125 -1
0 0.000000 142.949020 -0.000003 0.703125 0.453125 -1
0 40.000000 -140.800003 -0.000003 0.703125 0.921875 -1
0 46.400002 -147.199997 -0.000003 0.812500 0.921875 -1
0 -40.000000 2.650967 -0.000003 0.703125 0.109375 -1
0 -97.599998 -54.949032 -0.000003 0.703125 0.187500 -1
0 -97.599998 -64.000000 -0.000003 0.812500 0.187500 -1
0 -46.400002 -12.799999 -0.000002 0.812500 0.109375 -1
0 -147.749039 -4.799999 -0.000003 0.703125 0.265625 -1
0 -156.800003 -4.799999 -0.000003 0.812500 0.265625 -1
0 -40.000000 -140.800003 -0.000003 0.703125 0.000000 -1
0 -46.400002 -147.199997 -0.000003 0.812500 0.000000 -1
0 -40.000000 -140.800003 -0.000003 0.703125 1.000000 -1
0 -46.400002 -147.199997 -0.000003 0.812500 1.000000 -1
0 136.000000 -4.799999 -0.000002 0.375000 0.252245 -1
0 35.200001 19.200001 -0.000002 0.282353 0.229790 -1
0 97.599998 -43.200001 -0.000002 0.339706 0.288174 -1
0 0.000000 131.199997 -0.000002 0.250000 0.125000 -1
0 -136.000000 -4.799999 -0.000002 0.125000 0.252245 -1
0 -97.599998 -43.200001 -0.000002 0.160294 0.288174 -1
0 -35.200001 19.200001 -0.000002 0.217647 0.229790 -1
0 -35.200001 -136.000000 -0.000002 0.217647 0.375000 -1
0 35.200001 -136.000000 -0.000002 0.282353 0.375000 -1
2
-0.000000 -0.000000 1.000000
-0.000000 -0.000000 -1.000000
50
0 0 1 2 0 0 0 1
0 0 2 3 0 0 0 1
0 3 2 4 0 0 0 1
0 3 4 5 0 0 0 1
0 5 4 6 0 0 0 1
0 5 6 7 0 0 0 1
0 8 9 1 0 0 0 1
0 8 1 0 0 0 0 1
0 10 11 12 0 0 0 1
0 10 12 13 0 0 0 1
0 11 14 15 0 0 0 1
0 11 15 12 0 0 0 1
0 14 7 6 0 0 0 1
0 14 6 15 0 0 0 1
0 16 10 13 0 0 0 1
0 16 13 17 0 0 0 1
0 8 18 19 0 0 0 1
0 8 19 9 0 0 0 1
0 20 21 22 0 0 0 1
0 20 23 21 0 0 0 1
0 24 25 26 0 0 0 1
0 23 26 27 0 0 0 1
0 23 27 28 0 0 0 1
0 23 28 21 0 0 0 1
0 24 26 23 0 0 0 1
0 0 3 2 1 1 1 1
0 0 2 1 1 1 1 1
0 3 5 4 1 1 1 1
0 3 4 2 1 1 1 1
0 5 7 6 1 1 1 1
0 5 6 4 1 1 1 1
0 8 0 1 1 1 1 1
0 8 1 9 1 1 1 1
0 10 13 12 1 1 1 1
0 10 12 11 1 1 1 1
0 11 12 15 1 1 1 1
0 11 15 14 1 1 1 1
0 14 15 6 1 1 1 1
0 14 6 7 1 1 1 1
0 16 17 13 1 1 1 1
0 16 13 10 1 1 1 1
0 8 9 19 1 1 1 1
0 8 19 18 1 1 1 1
0 20 22 21 1 1 1 1
0 20 21 23 1 1 1 1
0 24 26 25 1 1 1 1
0 23 21 28 1 1 1 1
0 23 28 27 1 1 1 1
0 23 27 26 1 1 1 1
0 24 23 26 1 1 1 1

Materials: 1
"itl-arrow"
1.000000 1.000000 1.000000 1.000000
0.200000 0.200000 0.200000 1.000000
0.500000 0.500000 0.500000 1.000000
0.000000 0.000000 0.000000 1.000000
0.128000
1.000000
"arrow_tex.ini"
""

Bones: 0
GroupComments: 0
MaterialComments: 0
BoneComments: 0
ModelComment: 0
