// MilkShape 3D ASCII

Frames: 30
Frame: 1

Meshes: 1
"itl-circlefrag" 0 0
182
0 -253.575089 -78.889305 0.000000 0.065896 0.635141 -1
0 -278.932617 -86.778236 0.000000 0.022486 0.648655 -1
0 -274.344635 -100.356575 0.000000 0.030895 0.671622 -1
0 -249.404205 -91.233238 0.000000 0.073541 0.656020 -1
0 249.404175 -91.233261 0.000000 0.926459 0.656020 -1
0 274.344604 -100.356590 0.000000 0.969105 0.671622 -1
0 278.932556 -86.778244 0.000000 0.977514 0.648655 -1
0 253.575073 -78.889305 0.000000 0.934104 0.635141 -1
0 233.473907 -126.520744 0.000000 0.899670 0.716631 -1
0 256.821320 -139.172821 0.000000 0.939637 0.738294 -1
0 263.270538 -126.572289 0.000000 0.950167 0.716442 -1
0 239.336853 -115.065712 0.000000 0.909242 0.696765 -1
0 -269.117828 -113.627380 0.000000 0.039304 0.694589 -1
0 -244.652557 -103.297607 0.000000 0.081185 0.676899 -1
0 -260.107666 -53.429649 0.000000 0.054692 0.591586 -1
0 -286.118439 -58.772617 0.000000 0.010161 0.600745 -1
0 -282.863342 -72.910782 0.000000 0.016324 0.624700 -1
0 -257.148499 -66.282532 0.000000 0.060294 0.613363 -1
0 269.117767 -113.627403 0.000000 0.960696 0.694589 -1
0 244.652512 -103.297623 0.000000 0.918815 0.676899 -1
0 -27.052492 -264.116455 0.000000 0.453537 0.952198 -1
0 -29.757740 -290.528107 0.000000 0.448891 0.997418 -1
0 -14.932744 -291.646912 0.000000 0.474446 0.998709 -1
0 -13.575224 -265.133514 0.000000 0.476769 0.953372 -1
0 220.173080 -148.424789 0.000000 0.876897 0.754109 -1
0 242.190399 -163.267273 0.000000 0.914587 0.779520 -1
0 249.788452 -151.410645 0.000000 0.927112 0.758907 -1
0 227.080414 -137.646027 0.000000 0.888283 0.735370 -1
0 0.000000 -292.022583 0.000000 0.500000 1.000000 -1
0 0.000000 -265.475037 0.000000 0.500000 0.954545 -1
0 -264.116486 -27.052494 0.000000 0.047802 0.546463 -1
0 -290.528137 -29.757748 0.000000 0.002582 0.551109 -1
0 -288.679474 -44.382133 0.000000 0.006372 0.575927 -1
0 -262.435913 -40.347389 0.000000 0.051247 0.569024 -1
0 -53.429646 -260.107666 0.000000 0.408414 0.945308 -1
0 -58.772617 -286.118408 0.000000 0.399255 0.989838 -1
0 -44.382133 -288.679474 0.000000 0.424073 0.993628 -1
0 -40.347389 -262.435913 0.000000 0.430976 0.948753 -1
0 204.883911 -168.875916 0.000000 0.850726 0.789103 -1
0 225.372284 -185.763489 0.000000 0.885798 0.818013 -1
0 234.045547 -174.724365 0.000000 0.900193 0.798766 -1
0 212.768661 -158.840332 0.000000 0.863812 0.771606 -1
0 -265.475037 -0.000003 0.000000 0.045455 0.500000 -1
0 -292.022583 -0.000003 0.000000 0.000000 0.500000 -1
0 -291.646912 -14.932750 0.000000 0.001291 0.525554 -1
0 -265.133545 -13.575226 0.000000 0.046628 0.523231 -1
0 -78.889305 -253.575073 0.000000 0.364859 0.934104 -1
0 -86.778244 -278.932556 0.000000 0.351345 0.977514 -1
0 -72.910789 -282.863281 0.000000 0.375300 0.983676 -1
0 -66.282532 -257.148468 0.000000 0.386637 0.939706 -1
0 187.740219 -187.740250 0.000000 0.821385 0.821385 -1
0 206.514236 -206.514282 0.000000 0.853523 0.853523 -1
0 216.189056 -196.366287 0.000000 0.869661 0.835768 -1
0 196.535507 -178.514801 0.000000 0.836056 0.805244 -1
0 -264.116455 27.052490 0.000000 0.047802 0.453537 -1
0 -290.528107 29.757740 0.000000 0.002582 0.448891 -1
0 -291.646912 14.932742 0.000000 0.001291 0.474445 -1
0 -265.133514 13.575220 0.000000 0.046628 0.476769 -1
0 -103.297623 -244.652512 0.000000 0.323101 0.918815 -1
0 -113.627403 -269.117767 0.000000 0.305411 0.960696 -1
0 -100.356590 -274.344604 0.000000 0.328378 0.969105 -1
0 -91.233261 -249.404175 0.000000 0.343980 0.926459 -1
0 168.875854 -204.883957 0.000000 0.789103 0.850726 -1
0 185.763443 -225.372330 0.000000 0.818013 0.885799 -1
0 196.366241 -216.189102 0.000000 0.835768 0.869661 -1
0 178.514755 -196.535553 0.000000 0.805244 0.836055 -1
0 -260.653870 51.306145 0.000000 0.054692 0.408414 -1
0 -286.719269 56.436760 0.000000 0.010162 0.399255 -1
0 -288.754608 44.090145 0.000000 0.006372 0.424073 -1
0 -262.504181 40.081951 0.000000 0.051247 0.430976 -1
0 -126.520744 -233.473907 0.000000 0.283369 0.899670 -1
0 -139.172821 -256.821320 0.000000 0.261706 0.939637 -1
0 -126.572289 -263.270538 0.000000 0.283558 0.950166 -1
0 -115.065712 -239.336853 0.000000 0.303235 0.909242 -1
0 148.424744 -220.173126 0.000000 0.754109 0.876897 -1
0 163.267227 -242.190460 0.000000 0.779520 0.914587 -1
0 174.724304 -234.045593 0.000000 0.798766 0.900193 -1
0 158.840286 -212.768738 0.000000 0.771606 0.863812 -1
0 274.647614 82.985764 0.000000 0.968784 0.357673 -1
0 272.759460 83.762367 0.000000 0.966371 0.356619 -1
0 266.698914 82.944054 0.000000 0.956371 0.359663 -1
0 -261.275940 80.344772 0.000000 0.053654 0.362608 -1
0 -263.216736 81.642525 0.000000 0.052340 0.360639 -1
0 -266.698853 82.944061 0.000000 0.043629 0.359663 -1
0 -266.698853 82.944061 0.000000 0.044191 0.358102 -1
0 -270.338348 83.812584 0.000000 0.036042 0.355565 -1
0 -272.759460 83.762375 0.000000 0.033629 0.356619 -1
0 126.520721 -233.473969 0.000000 0.716631 0.899670 -1
0 139.172791 -256.821381 0.000000 0.738294 0.939637 -1
0 151.410599 -249.788513 0.000000 0.758907 0.927112 -1
0 137.645981 -227.080460 0.000000 0.735370 0.888283 -1
0 -137.646027 -227.080414 0.000000 0.264630 0.888283 -1
0 -151.410645 -249.788452 0.000000 0.241093 0.927112 -1
0 260.653961 51.306141 0.000000 0.945308 0.408414 -1
0 286.719299 56.436760 0.000000 0.989838 0.399256 -1
0 284.796326 65.497169 0.000000 0.986758 0.387278 -1
0 258.979858 59.573502 0.000000 0.942507 0.397525 -1
0 -168.875916 -204.883911 0.000000 0.210897 0.850726 -1
0 -185.763489 -225.372284 0.000000 0.181987 0.885798 -1
0 -174.724365 -234.045547 0.000000 0.201234 0.900193 -1
0 -158.840332 -212.768661 0.000000 0.228394 0.863811 -1
0 282.979858 71.850433 0.000000 0.983676 0.375300 -1
0 257.847260 65.563553 0.000000 0.939706 0.386637 -1
0 103.297607 -244.652557 0.000000 0.676899 0.918815 -1
0 113.627380 -269.117828 0.000000 0.694589 0.960696 -1
0 126.572266 -263.270599 0.000000 0.716442 0.950166 -1
0 115.065689 -239.336899 0.000000 0.696765 0.909242 -1
0 -163.267273 -242.190399 0.000000 0.220480 0.914587 -1
0 -148.424789 -220.173080 0.000000 0.245891 0.876897 -1
0 264.116486 27.052494 0.000000 0.952198 0.453537 -1
0 290.528137 29.757740 0.000000 0.997418 0.448891 -1
0 288.754608 44.090145 0.000000 0.993628 0.424073 -1
0 262.504181 40.081947 0.000000 0.948753 0.430976 -1
0 -187.740250 -187.740219 0.000000 0.178615 0.821385 -1
0 -206.514282 -206.514236 0.000000 0.146477 0.853523 -1
0 -196.366287 -216.189056 0.000000 0.164232 0.869661 -1
0 -178.514801 -196.535507 0.000000 0.194756 0.836055 -1
0 78.889297 -253.575089 0.000000 0.635141 0.934104 -1
0 86.778236 -278.932617 0.000000 0.648655 0.977514 -1
0 100.356575 -274.344635 0.000000 0.671622 0.969105 -1
0 91.233238 -249.404205 0.000000 0.656020 0.926459 -1
0 265.475037 -0.000002 0.000000 0.954545 0.500000 -1
0 292.022583 -0.000002 0.000000 1.000000 0.500000 -1
0 291.646912 14.932744 0.000000 0.998709 0.474445 -1
0 265.133545 13.575222 0.000000 0.953372 0.476769 -1
0 -204.883957 -168.875854 0.000000 0.149274 0.789103 -1
0 -225.372330 -185.763443 0.000000 0.114201 0.818013 -1
0 -216.189102 -196.366241 0.000000 0.130339 0.835768 -1
0 -196.535553 -178.514755 0.000000 0.163945 0.805244 -1
0 53.429646 -260.107666 0.000000 0.591586 0.945308 -1
0 58.772614 -286.118439 0.000000 0.600745 0.989839 -1
0 72.910782 -282.863342 0.000000 0.624700 0.983676 -1
0 66.282532 -257.148499 0.000000 0.613364 0.939706 -1
0 264.116455 -27.052494 0.000000 0.952198 0.546463 -1
0 290.528107 -29.757740 0.000000 0.997418 0.551109 -1
0 291.646912 -14.932747 0.000000 0.998709 0.525554 -1
0 265.133514 -13.575225 0.000000 0.953372 0.523231 -1
0 -220.173126 -148.424744 0.000000 0.123103 0.754109 -1
0 -242.190460 -163.267227 0.000000 0.085413 0.779520 -1
0 -234.045593 -174.724304 0.000000 0.099807 0.798766 -1
0 -212.768738 -158.840286 0.000000 0.136188 0.771606 -1
0 27.052494 -264.116486 0.000000 0.546463 0.952198 -1
0 29.757740 -290.528137 0.000000 0.551109 0.997418 -1
0 44.382126 -288.679474 0.000000 0.575927 0.993628 -1
0 40.347389 -262.435913 0.000000 0.569024 0.948753 -1
0 260.107666 -53.429649 0.000000 0.945308 0.591586 -1
0 286.118408 -58.772617 0.000000 0.989838 0.600745 -1
0 288.679474 -44.382133 0.000000 0.993628 0.575927 -1
0 262.435913 -40.347389 0.000000 0.948753 0.569024 -1
0 -233.473969 -126.520721 0.000000 0.100330 0.716631 -1
0 -256.821381 -139.172791 0.000000 0.060363 0.738294 -1
0 -249.788513 -151.410599 0.000000 0.072888 0.758907 -1
0 -227.080460 -137.645981 0.000000 0.111717 0.735370 -1
0 14.932745 -291.646912 0.000000 0.525555 0.998709 -1
0 13.575224 -265.133545 0.000000 0.523231 0.953372 -1
0 282.863281 -72.910789 0.000000 0.983676 0.624700 -1
0 257.148468 -66.282532 0.000000 0.939706 0.613363 -1
0 -263.270599 -126.572266 0.000000 0.049834 0.716442 -1
0 -239.336899 -115.065689 0.000000 0.090758 0.696765 -1
0 281.153290 76.416115 0.000000 0.980615 0.368991 -1
0 257.528290 70.247055 0.000000 0.939963 0.379645 -1
0 -257.847229 65.563553 0.000000 0.060294 0.386637 -1
0 -282.979828 71.850441 0.000000 0.016324 0.375300 -1
0 -284.796265 65.497177 0.000000 0.013243 0.387278 -1
0 -258.979828 59.573505 0.000000 0.057493 0.397525 -1
0 279.135956 79.596207 0.000000 0.977554 0.362682 -1
0 257.970886 73.928497 0.000000 0.940220 0.372653 -1
0 276.844391 81.675301 0.000000 0.973169 0.360178 -1
0 258.985291 76.744400 0.000000 0.942626 0.368615 -1
0 -257.970856 73.928505 0.000000 0.059780 0.372653 -1
0 -279.135925 79.596222 0.000000 0.022446 0.362682 -1
0 -281.153259 76.416122 0.000000 0.019385 0.368991 -1
0 -257.528229 70.247055 0.000000 0.060037 0.379645 -1
0 260.154236 78.825745 0.000000 0.945032 0.364578 -1
0 -260.154205 78.825760 0.000000 0.054968 0.364578 -1
0 -274.647552 82.985764 0.000000 0.031216 0.357673 -1
0 -276.844330 81.675308 0.000000 0.026831 0.360178 -1
0 -258.985229 76.744415 0.000000 0.057374 0.368615 -1
0 263.216766 81.642509 0.000000 0.947660 0.360639 -1
0 261.275970 80.344757 0.000000 0.946346 0.362608 -1
0 266.698914 82.944054 0.000000 0.955809 0.358102 -1
0 270.338409 83.812569 0.000000 0.963958 0.355565 -1
1
-0.000000 -0.000000 1.000000
178
0 0 1 2 0 0 0 1
0 0 2 3 0 0 0 1
0 4 5 6 0 0 0 1
0 4 6 7 0 0 0 1
0 8 9 10 0 0 0 1
0 8 10 11 0 0 0 1
0 3 2 12 0 0 0 1
0 3 12 13 0 0 0 1
0 14 15 16 0 0 0 1
0 14 16 17 0 0 0 1
0 11 10 18 0 0 0 1
0 11 18 19 0 0 0 1
0 20 21 22 0 0 0 1
0 20 22 23 0 0 0 1
0 17 16 1 0 0 0 1
0 17 1 0 0 0 0 1
0 24 25 26 0 0 0 1
0 24 26 27 0 0 0 1
0 23 22 28 0 0 0 1
0 23 28 29 0 0 0 1
0 30 31 32 0 0 0 1
0 30 32 33 0 0 0 1
0 27 26 9 0 0 0 1
0 27 9 8 0 0 0 1
0 34 35 36 0 0 0 1
0 34 36 37 0 0 0 1
0 33 32 15 0 0 0 1
0 33 15 14 0 0 0 1
0 38 39 40 0 0 0 1
0 38 40 41 0 0 0 1
0 37 36 21 0 0 0 1
0 37 21 20 0 0 0 1
0 42 43 44 0 0 0 1
0 42 44 45 0 0 0 1
0 41 40 25 0 0 0 1
0 41 25 24 0 0 0 1
0 46 47 48 0 0 0 1
0 46 48 49 0 0 0 1
0 45 44 31 0 0 0 1
0 45 31 30 0 0 0 1
0 50 51 52 0 0 0 1
0 50 52 53 0 0 0 1
0 49 48 35 0 0 0 1
0 49 35 34 0 0 0 1
0 54 55 56 0 0 0 1
0 54 56 57 0 0 0 1
0 53 52 39 0 0 0 1
0 53 39 38 0 0 0 1
0 58 59 60 0 0 0 1
0 58 60 61 0 0 0 1
0 57 56 43 0 0 0 1
0 57 43 42 0 0 0 1
0 62 63 64 0 0 0 1
0 62 64 65 0 0 0 1
0 61 60 47 0 0 0 1
0 61 47 46 0 0 0 1
0 66 67 68 0 0 0 1
0 66 68 69 0 0 0 1
0 65 64 51 0 0 0 1
0 65 51 50 0 0 0 1
0 70 71 72 0 0 0 1
0 70 72 73 0 0 0 1
0 69 68 55 0 0 0 1
0 69 55 54 0 0 0 1
0 74 75 76 0 0 0 1
0 74 76 77 0 0 0 1
0 73 72 59 0 0 0 1
0 73 59 58 0 0 0 1
0 78 79 80 0 0 0 1
0 77 76 63 0 0 0 1
0 77 63 62 0 0 0 1
0 81 82 83 0 0 0 1
0 84 85 86 0 0 0 1
0 87 88 89 0 0 0 1
0 87 89 90 0 0 0 1
0 91 92 71 0 0 0 1
0 91 71 70 0 0 0 1
0 93 94 95 0 0 0 1
0 93 95 96 0 0 0 1
0 90 89 75 0 0 0 1
0 90 75 74 0 0 0 1
0 97 98 99 0 0 0 1
0 97 99 100 0 0 0 1
0 96 95 101 0 0 0 1
0 96 101 102 0 0 0 1
0 103 104 105 0 0 0 1
0 103 105 106 0 0 0 1
0 100 99 107 0 0 0 1
0 100 107 108 0 0 0 1
0 109 110 111 0 0 0 1
0 109 111 112 0 0 0 1
0 106 105 88 0 0 0 1
0 106 88 87 0 0 0 1
0 113 114 115 0 0 0 1
0 113 115 116 0 0 0 1
0 112 111 94 0 0 0 1
0 112 94 93 0 0 0 1
0 117 118 119 0 0 0 1
0 117 119 120 0 0 0 1
0 116 115 98 0 0 0 1
0 116 98 97 0 0 0 1
0 121 122 123 0 0 0 1
0 121 123 124 0 0 0 1
0 120 119 104 0 0 0 1
0 120 104 103 0 0 0 1
0 125 126 127 0 0 0 1
0 125 127 128 0 0 0 1
0 124 123 110 0 0 0 1
0 124 110 109 0 0 0 1
0 129 130 131 0 0 0 1
0 129 131 132 0 0 0 1
0 128 127 114 0 0 0 1
0 128 114 113 0 0 0 1
0 133 134 135 0 0 0 1
0 133 135 136 0 0 0 1
0 132 131 118 0 0 0 1
0 132 118 117 0 0 0 1
0 137 138 139 0 0 0 1
0 137 139 140 0 0 0 1
0 136 135 122 0 0 0 1
0 136 122 121 0 0 0 1
0 141 142 143 0 0 0 1
0 141 143 144 0 0 0 1
0 140 139 126 0 0 0 1
0 140 126 125 0 0 0 1
0 145 146 147 0 0 0 1
0 145 147 148 0 0 0 1
0 144 143 130 0 0 0 1
0 144 130 129 0 0 0 1
0 149 150 151 0 0 0 1
0 149 151 152 0 0 0 1
0 148 147 134 0 0 0 1
0 148 134 133 0 0 0 1
0 28 153 154 0 0 0 1
0 28 154 29 0 0 0 1
0 152 151 138 0 0 0 1
0 152 138 137 0 0 0 1
0 154 153 142 0 0 0 1
0 154 142 141 0 0 0 1
0 6 155 156 0 0 0 1
0 6 156 7 0 0 0 1
0 12 157 158 0 0 0 1
0 12 158 13 0 0 0 1
0 156 155 146 0 0 0 1
0 156 146 145 0 0 0 1
0 102 101 159 0 0 0 1
0 102 159 160 0 0 0 1
0 158 157 150 0 0 0 1
0 158 150 149 0 0 0 1
0 161 162 163 0 0 0 1
0 161 163 164 0 0 0 1
0 160 159 165 0 0 0 1
0 160 165 166 0 0 0 1
0 166 165 167 0 0 0 1
0 166 167 168 0 0 0 1
0 164 163 67 0 0 0 1
0 164 67 66 0 0 0 1
0 169 170 171 0 0 0 1
0 169 171 172 0 0 0 1
0 168 167 78 0 0 0 1
0 168 78 173 0 0 0 1
0 174 175 176 0 0 0 1
0 174 176 177 0 0 0 1
0 172 171 162 0 0 0 1
0 172 162 161 0 0 0 1
0 178 179 180 0 0 0 1
0 108 107 92 0 0 0 1
0 108 92 91 0 0 0 1
0 80 79 181 0 0 0 1
0 174 83 175 0 0 0 1
0 177 176 170 0 0 0 1
0 177 170 169 0 0 0 1
0 19 18 5 0 0 0 1
0 19 5 4 0 0 0 1
0 81 83 174 0 0 0 1
0 83 86 175 0 0 0 1
0 179 173 80 0 0 0 1
0 173 78 80 0 0 0 1

Materials: 1
"itl-circlefrag"
1.000000 1.000000 1.000000 1.000000
0.200000 0.200000 0.200000 1.000000
0.500000 0.500000 0.500000 1.000000
0.000000 0.000000 0.000000 1.000000
0.128000
1.000000
"white_tex.png"
""

Bones: 0
GroupComments: 0
MaterialComments: 0
BoneComments: 0
ModelComment: 0
