// MilkShape 3D ASCII

Frames: 30
Frame: 1

Meshes: 1
"itl-ring" 0 0
120
0 -5.000000 259.000000 -0.000000 0.000000 1.000000 -1
0 5.000000 289.000000 -0.000000 1.000000 0.000000 -1
0 -5.000000 289.000000 -0.000000 0.000000 0.000000 -1
0 48.958389 254.379807 -0.000000 0.000000 1.000000 -1
0 64.977219 281.645111 -0.000000 1.000000 0.000000 -1
0 55.195744 283.724213 -0.000000 0.000000 0.000000 -1
0 100.777069 238.641968 -0.000000 0.000000 1.000000 -1
0 122.114624 261.980957 -0.000000 1.000000 0.000000 -1
0 112.979172 266.048340 -0.000000 0.000000 0.000000 -1
0 148.191299 212.474335 -0.000000 0.000000 1.000000 -1
0 173.915039 230.867004 -0.000000 1.000000 0.000000 -1
0 165.824860 236.744843 -0.000000 0.000000 0.000000 -1
0 189.128876 177.020569 -0.000000 0.000000 1.000000 -1
0 218.114548 189.663040 -0.000000 1.000000 0.000000 -1
0 211.423233 197.094498 -0.000000 0.000000 0.000000 -1
0 221.800629 133.830139 -0.000000 0.000000 1.000000 -1
0 252.781387 140.169891 -0.000000 1.000000 0.000000 -1
0 247.781387 148.830139 -0.000000 0.000000 0.000000 -1
0 244.778595 84.790680 -0.000000 0.000000 1.000000 -1
0 276.400452 84.550629 -0.000000 1.000000 0.000000 -1
0 273.310303 94.061203 -0.000000 0.000000 0.000000 -1
0 257.058594 32.045475 -0.000000 0.000000 1.000000 -1
0 287.939545 25.236105 -0.000000 1.000000 0.000000 -1
0 286.894257 35.181328 -0.000000 0.000000 0.000000 -1
0 258.103882 -22.100285 -0.000000 0.000000 1.000000 -1
0 286.894257 -35.181362 -0.000000 1.000000 0.000000 -1
0 287.939545 -25.236141 -0.000000 0.000000 0.000000 -1
0 247.868790 -75.280151 -0.000000 0.000000 1.000000 -1
0 273.310333 -94.061241 -0.000000 1.000000 0.000000 -1
0 276.400482 -84.550667 -0.000000 0.000000 0.000000 -1
0 226.800659 -125.169930 -0.000000 0.000000 1.000000 -1
0 247.781418 -148.830200 -0.000000 1.000000 0.000000 -1
0 252.781418 -140.169952 -0.000000 0.000000 0.000000 -1
0 195.820221 -169.589172 -0.000000 0.000000 1.000000 -1
0 211.423264 -197.094559 -0.000000 1.000000 0.000000 -1
0 218.114578 -189.663101 -0.000000 0.000000 0.000000 -1
0 156.281509 -206.596558 -0.000000 0.000000 1.000000 -1
0 165.824890 -236.744949 -0.000000 1.000000 0.000000 -1
0 173.915070 -230.867081 -0.000000 0.000000 0.000000 -1
0 109.912537 -234.574677 -0.000000 0.000000 1.000000 -1
0 112.979187 -266.048431 -0.000000 1.000000 0.000000 -1
0 122.114639 -261.981049 -0.000000 0.000000 0.000000 -1
0 58.739868 -252.300781 -0.000000 0.000000 1.000000 -1
0 55.195744 -283.724335 -0.000000 1.000000 0.000000 -1
0 64.977226 -281.645233 -0.000000 0.000000 0.000000 -1
0 4.999979 -259.000122 -0.000000 0.000000 1.000000 -1
0 -5.000028 -289.000153 -0.000000 1.000000 0.000000 -1
0 4.999977 -289.000153 -0.000000 0.000000 0.000000 -1
0 -48.958443 -254.379929 -0.000000 0.000000 1.000000 -1
0 -64.977280 -281.645264 -0.000000 1.000000 0.000000 -1
0 -55.195797 -283.724365 -0.000000 0.000000 0.000000 -1
0 -100.777145 -238.642075 -0.000000 0.000000 1.000000 -1
0 -122.114708 -261.981079 -0.000000 1.000000 0.000000 -1
0 -112.979256 -266.048462 -0.000000 0.000000 0.000000 -1
0 -148.191406 -212.474442 -0.000000 0.000000 1.000000 -1
0 -173.915161 -230.867096 -0.000000 1.000000 0.000000 -1
0 -165.824982 -236.744965 -0.000000 0.000000 0.000000 -1
0 -189.128998 -177.020630 -0.000000 0.000000 1.000000 -1
0 -218.114685 -189.663101 -0.000000 1.000000 0.000000 -1
0 -211.423370 -197.094559 -0.000000 0.000000 0.000000 -1
0 -221.800766 -133.830185 -0.000000 0.000000 1.000000 -1
0 -252.781540 -140.169952 -0.000000 1.000000 0.000000 -1
0 -247.781540 -148.830200 -0.000000 0.000000 0.000000 -1
0 -244.778748 -84.790710 -0.000000 0.000000 1.000000 -1
0 -276.400635 -84.550652 -0.000000 1.000000 0.000000 -1
0 -273.310486 -94.061226 -0.000000 0.000000 0.000000 -1
0 -257.058746 -32.045464 -0.000000 0.000000 1.000000 -1
0 -287.939697 -25.236088 -0.000000 1.000000 0.000000 -1
0 -286.894409 -35.181316 -0.000000 0.000000 0.000000 -1
0 -258.104034 22.100323 -0.000000 0.000000 1.000000 -1
0 -286.894409 35.181412 -0.000000 1.000000 0.000000 -1
0 -287.939697 25.236187 -0.000000 0.000000 0.000000 -1
0 -247.868912 75.280228 -0.000000 0.000000 1.000000 -1
0 -273.310486 94.061325 -0.000000 1.000000 0.000000 -1
0 -276.400635 84.550751 -0.000000 0.000000 0.000000 -1
0 -226.800751 125.170021 -0.000000 0.000000 1.000000 -1
0 -247.781525 148.830292 -0.000000 1.000000 0.000000 -1
0 -252.781525 140.170044 -0.000000 0.000000 0.000000 -1
0 -195.820297 169.589294 -0.000000 0.000000 1.000000 -1
0 -211.423355 197.094681 -0.000000 1.000000 0.000000 -1
0 -218.114670 189.663223 -0.000000 0.000000 0.000000 -1
0 -156.281570 206.596680 -0.000000 0.000000 1.000000 -1
0 -165.824966 236.745087 -0.000000 1.000000 0.000000 -1
0 -173.915146 230.867218 -0.000000 0.000000 0.000000 -1
0 -109.912582 234.574829 -0.000000 0.000000 1.000000 -1
0 -112.979225 266.048584 -0.000000 1.000000 0.000000 -1
0 -122.114693 261.981201 -0.000000 0.000000 0.000000 -1
0 -58.739883 252.300919 -0.000000 0.000000 1.000000 -1
0 -55.195751 283.724487 -0.000000 1.000000 0.000000 -1
0 -64.977234 281.645386 -0.000000 0.000000 0.000000 -1
0 5.000000 259.000000 -0.000000 1.000000 1.000000 -1
0 58.739868 252.300674 -0.000000 1.000000 1.000000 -1
0 109.912521 234.574615 -0.000000 1.000000 1.000000 -1
0 156.281479 206.596497 -0.000000 1.000000 1.000000 -1
0 195.820190 169.589111 -0.000000 1.000000 1.000000 -1
0 226.800629 125.169891 -0.000000 1.000000 1.000000 -1
0 247.868774 75.280121 -0.000000 1.000000 1.000000 -1
0 258.103882 22.100252 -0.000000 1.000000 1.000000 -1
0 257.058594 -32.045506 -0.000000 1.000000 1.000000 -1
0 244.778610 -84.790726 -0.000000 1.000000 1.000000 -1
0 221.800659 -133.830185 -0.000000 1.000000 1.000000 -1
0 189.128906 -177.020630 -0.000000 1.000000 1.000000 -1
0 148.191330 -212.474426 -0.000000 1.000000 1.000000 -1
0 100.777084 -238.642059 -0.000000 1.000000 1.000000 -1
0 48.958389 -254.379913 -0.000000 1.000000 1.000000 -1
0 -5.000026 -259.000122 -0.000000 1.000000 1.000000 -1
0 -58.739922 -252.300797 -0.000000 1.000000 1.000000 -1
0 -109.912598 -234.574692 -0.000000 1.000000 1.000000 -1
0 -156.281586 -206.596573 -0.000000 1.000000 1.000000 -1
0 -195.820313 -169.589172 -0.000000 1.000000 1.000000 -1
0 -226.800766 -125.169930 -0.000000 1.000000 1.000000 -1
0 -247.868927 -75.280136 -0.000000 1.000000 1.000000 -1
0 -258.104034 -22.100239 -0.000000 1.000000 1.000000 -1
0 -257.058746 32.045551 -0.000000 1.000000 1.000000 -1
0 -244.778732 84.790802 -0.000000 1.000000 1.000000 -1
0 -221.800751 133.830276 -0.000000 1.000000 1.000000 -1
0 -189.128983 177.020752 -0.000000 1.000000 1.000000 -1
0 -148.191391 212.474548 -0.000000 1.000000 1.000000 -1
0 -100.777115 238.642212 -0.000000 1.000000 1.000000 -1
0 -48.958397 254.380051 -0.000000 1.000000 1.000000 -1
1
-0.000000 -0.000000 1.000000
60
0 0 1 2 0 0 0 1
0 3 4 5 0 0 0 1
0 6 7 8 0 0 0 1
0 9 10 11 0 0 0 1
0 12 13 14 0 0 0 1
0 15 16 17 0 0 0 1
0 18 19 20 0 0 0 1
0 21 22 23 0 0 0 1
0 24 25 26 0 0 0 1
0 27 28 29 0 0 0 1
0 30 31 32 0 0 0 1
0 33 34 35 0 0 0 1
0 36 37 38 0 0 0 1
0 39 40 41 0 0 0 1
0 42 43 44 0 0 0 1
0 45 46 47 0 0 0 1
0 48 49 50 0 0 0 1
0 51 52 53 0 0 0 1
0 54 55 56 0 0 0 1
0 57 58 59 0 0 0 1
0 60 61 62 0 0 0 1
0 63 64 65 0 0 0 1
0 66 67 68 0 0 0 1
0 69 70 71 0 0 0 1
0 72 73 74 0 0 0 1
0 75 76 77 0 0 0 1
0 78 79 80 0 0 0 1
0 81 82 83 0 0 0 1
0 84 85 86 0 0 0 1
0 87 88 89 0 0 0 1
0 0 90 1 0 0 0 1
0 3 91 4 0 0 0 1
0 6 92 7 0 0 0 1
0 9 93 10 0 0 0 1
0 12 94 13 0 0 0 1
0 15 95 16 0 0 0 1
0 18 96 19 0 0 0 1
0 21 97 22 0 0 0 1
0 24 98 25 0 0 0 1
0 27 99 28 0 0 0 1
0 30 100 31 0 0 0 1
0 33 101 34 0 0 0 1
0 36 102 37 0 0 0 1
0 39 103 40 0 0 0 1
0 42 104 43 0 0 0 1
0 45 105 46 0 0 0 1
0 48 106 49 0 0 0 1
0 51 107 52 0 0 0 1
0 54 108 55 0 0 0 1
0 57 109 58 0 0 0 1
0 60 110 61 0 0 0 1
0 63 111 64 0 0 0 1
0 66 112 67 0 0 0 1
0 69 113 70 0 0 0 1
0 72 114 73 0 0 0 1
0 75 115 76 0 0 0 1
0 78 116 79 0 0 0 1
0 81 117 82 0 0 0 1
0 84 118 85 0 0 0 1
0 87 119 88 0 0 0 1

Materials: 1
"itl-ring"
1.000000 1.000000 1.000000 1.000000
0.200000 0.200000 0.200000 1.000000
0.500000 0.500000 0.500000 1.000000
0.000000 0.000000 0.000000 1.000000
0.128000
1.000000
"white_tex.png"
""

Bones: 0
GroupComments: 0
MaterialComments: 0
BoneComments: 0
ModelComment: 0
